id,EAP,HPL,MWS
id02310,0.298514059276,0.25583871686,0.445647223865
id24541,0.431138584226,0.292229996453,0.276631419321
id00134,0.366897634201,0.356029377229,0.27707298857
id27757,0.400891458774,0.298098830456,0.30100971077
id04081,0.47771074955,0.217308699106,0.304980551344
id27337,0.407978823211,0.313036376462,0.278984800327
id24265,0.477539158783,0.3084683856,0.213992455617
id25917,0.309135028962,0.330854143826,0.360010827212
id04951,0.474117398467,0.30844064832,0.217441953213
id14549,0.496855479595,0.230543636027,0.272600884377
id22505,0.38605930789,0.336608562612,0.277332129498
id24002,0.371712164404,0.340770687193,0.287517148403
id18982,0.383390844665,0.272868112299,0.343741043036
id15181,0.345190859541,0.382232457264,0.272576683195
id21888,0.459758512104,0.255710577398,0.284530910498
id12035,0.405590530274,0.200797766424,0.393611703302
id17991,0.403546290932,0.273396112062,0.323057597006
id10707,0.500943004554,0.253660749762,0.245396245684
id07101,0.377727040792,0.320973247703,0.301299711505
id00345,0.476314219544,0.2717996905,0.251886089956
id05912,0.443282353515,0.284354229925,0.27236341656
id13443,0.39668214379,0.301058596628,0.302259259583
id09248,0.470011997335,0.245988666102,0.283999336563
id17542,0.487894321468,0.226860019696,0.285245658836
id06995,0.424707989577,0.176270294606,0.399021715817
id25159,0.471209855299,0.224933432052,0.303856712649
id25729,0.41376197502,0.371871200876,0.214366824105
id26949,0.411254347705,0.30481468513,0.283930967164
id27191,0.313901745225,0.32693576078,0.359162493995
id07668,0.356342743981,0.185418293642,0.458238962377
id02230,0.401441546646,0.286311011194,0.312247442161
id15553,0.466980281062,0.278547352662,0.254472366276
id25688,0.376340437105,0.330897560154,0.292762002741
id17545,0.467185687519,0.265183383019,0.267630929462
id13929,0.480897698112,0.226714658357,0.292387643531
id12880,0.375197455073,0.33983622298,0.284966321947
id19282,0.419504105882,0.233165675411,0.347330218708
id14690,0.449868290752,0.221191064962,0.328940644287
id17975,0.470805423352,0.290934276579,0.238260300069
id08037,0.410606821233,0.26682401728,0.322569161487
id15412,0.490769195647,0.226333651091,0.282897153262
id25032,0.499216130385,0.223649704727,0.277134164888
id27165,0.433850659104,0.287899966482,0.278249374413
id03327,0.424266762011,0.29620335281,0.279529885179
id18515,0.439892126417,0.292386359648,0.267721513936
id21003,0.387195183006,0.286794305062,0.326010511931
id23855,0.393519701026,0.295686845586,0.310793453388
id20724,0.477133112868,0.244299881387,0.278567005744
id13303,0.434453924048,0.297372636484,0.268173439468
id16521,0.365943292647,0.316198228709,0.317858478644
id20775,0.448362608518,0.261067149741,0.290570241741
id13029,0.378023597686,0.290595618721,0.331380783593
id14660,0.403089189996,0.310185856549,0.286724953456
id11028,0.346875218728,0.189100899427,0.464023881846
id14180,0.488219034842,0.272826279202,0.238954685957
id25860,0.469507741464,0.270450049208,0.260042209328
id11910,0.453216435554,0.224636309416,0.322147255029
id08065,0.445256783794,0.253319039743,0.301424176462
id22674,0.389144869222,0.276966854774,0.333888276005
id25018,0.409093429802,0.284884538001,0.306022032196
id10892,0.332216756668,0.43557138938,0.232211853952
id10217,0.351856648051,0.364463535404,0.283679816545
id12996,0.495715854425,0.223076714821,0.281207430754
id18262,0.401299739405,0.281453708316,0.317246552279
id08606,0.388408233009,0.332596393479,0.278995373512
id17233,0.498851720526,0.214682466445,0.286465813028
id00101,0.425888391648,0.284007871867,0.290103736485
id12225,0.482442161523,0.228820781821,0.288737056657
id01364,0.357225967798,0.373128628441,0.269645403761
id24973,0.515011701758,0.215753852545,0.269234445698
id25363,0.473121825421,0.226833948059,0.30004422652
id10061,0.469274970045,0.250544282083,0.280180747873
id17673,0.388491694147,0.323871401908,0.287636903945
id13249,0.476197040987,0.215661936802,0.308141022211
id10107,0.410380014024,0.266774441459,0.322845544517
id04403,0.454118295992,0.275511178685,0.270370525323
id25728,0.449820362912,0.27133268414,0.278846952949
id16184,0.471217590231,0.233169842939,0.29561256683
id03438,0.303115522887,0.21339130696,0.483493170153
id22923,0.434381889145,0.282356645008,0.283261465847
id08610,0.439167875517,0.293324264403,0.26750786008
id25355,0.40392713758,0.286170147485,0.309902714935
id16916,0.360506718757,0.402615855171,0.236877426072
id12793,0.387025993064,0.351721399495,0.261252607441
id11859,0.521546319849,0.213358414786,0.265095265365
id02434,0.446323741941,0.235104733375,0.318571524685
id27703,0.410416742413,0.265968992884,0.323614264703
id25212,0.301937539326,0.403601554161,0.294460906513
id11308,0.412437722319,0.200542367611,0.38701991007
id26094,0.41323145202,0.300636671886,0.286131876094
id22080,0.484257091213,0.283083908981,0.232658999806
id03545,0.407292472281,0.314164799212,0.278542728507
id23725,0.304034747003,0.300157277334,0.395807975663
id12009,0.42801583213,0.300160960302,0.271823207568
id24241,0.496849027061,0.220546095524,0.282604877415
id03596,0.359871677848,0.351350819739,0.288777502413
id10749,0.397814943282,0.316198763866,0.285986292852
id22794,0.303204085363,0.394548844148,0.302247070489
id15482,0.303829750297,0.29047059468,0.405699655023
id04833,0.379442758628,0.323027882036,0.297529359336
id00397,0.296910047102,0.165321533428,0.53776841947
id14691,0.41419978006,0.296814828953,0.288985390987
id05193,0.409095984057,0.282943218242,0.307960797701
id19541,0.4246589568,0.28986573441,0.28547530879
id22166,0.325139965218,0.220683346455,0.454176688328
id20744,0.358243472234,0.2292989953,0.412457532466
id10392,0.346700125885,0.251075489062,0.402224385053
id00770,0.515174425507,0.245336512429,0.239489062064
id06018,0.439449058336,0.269008351503,0.291542590162
id15678,0.375917782503,0.318417361417,0.30566485608
id08305,0.502852251421,0.215074067864,0.282073680715
id08903,0.470900547281,0.238217734414,0.290881718305
id14752,0.385876292744,0.313292926399,0.300830780857
id12468,0.327410154381,0.377984249156,0.294605596463
id05085,0.383027882728,0.331715760906,0.285256356366
id21993,0.373471404577,0.181319211356,0.445209384067
id15503,0.45681336583,0.230583455692,0.312603178478
id03021,0.391269498184,0.319269997472,0.289460504345
id16123,0.469898798522,0.250754934032,0.279346267446
id19383,0.415357285489,0.288942764195,0.295699950315
id04186,0.419557794906,0.279492965008,0.300949240086
id17954,0.340702685506,0.22427360986,0.435023704634
id12030,0.453424912094,0.20586673881,0.340708349096
id13020,0.368513448351,0.32618433036,0.305302221289
id25327,0.362288515056,0.344871594709,0.292839890234
id16344,0.467947883755,0.239394033875,0.29265808237
id12303,0.43654578754,0.268889917594,0.294564294866
id15017,0.522400074104,0.278601411494,0.198998514402
id22308,0.377034408935,0.304428210006,0.318537381059
id06536,0.290179008418,0.325051430335,0.384769561246
id19797,0.492153749204,0.226668339555,0.28117791124
id06332,0.389731574893,0.353910281092,0.256358144015
id22941,0.411271773844,0.310480267167,0.278247958989
id13547,0.278768452511,0.441538747266,0.279692800223
id06928,0.422338467996,0.250275967222,0.327385564782
id12521,0.375764975079,0.344972292622,0.279262732299
id25716,0.456214885508,0.18199860163,0.361786512862
id27116,0.282827964587,0.16825239713,0.548919638282
id19941,0.411499677154,0.319931053532,0.268569269313
id05711,0.397027326047,0.242836297925,0.360136376027
id02097,0.348263955856,0.300013878638,0.351722165506
id03563,0.327790510564,0.451476257346,0.22073323209
id02295,0.496756650445,0.221426963577,0.281816385978
id08179,0.444791612863,0.202816861239,0.352391525898
id05332,0.425947414387,0.287625891118,0.286426694495
id15697,0.327023402772,0.211665689426,0.461310907802
id17026,0.49022742505,0.225241973281,0.284530601669
id04243,0.441357679923,0.277201193425,0.281441126652
id13175,0.43241076215,0.257426540306,0.310162697544
id05387,0.386224875971,0.354394910363,0.259380213666
id19989,0.374916297498,0.327628632661,0.297455069841
id25173,0.361171645041,0.351719205858,0.287109149101
id08925,0.411454196672,0.304962146549,0.283583656778
id03034,0.35869973324,0.351211059225,0.290089207536
id13272,0.35290441347,0.350889233213,0.296206353317
id07956,0.382355263668,0.312088191079,0.305556545254
id02648,0.426409069144,0.173412569364,0.400178361492
id01778,0.343997782507,0.243578384857,0.412423832636
id12846,0.332186601528,0.278282714768,0.389530683704
id19001,0.397944058318,0.323386475758,0.278669465925
id05763,0.40539673338,0.307917558563,0.286685708057
id15590,0.404446642647,0.232075845728,0.363477511625
id04912,0.419504663097,0.296445975887,0.284049361017
id21201,0.378830634061,0.327411280726,0.293758085213
id13215,0.561326280907,0.197688483522,0.240985235571
id15612,0.454155324454,0.252467161178,0.293377514368
id18501,0.401046790692,0.334433519079,0.264519690228
id07223,0.480467050578,0.242157362261,0.27737558716
id06707,0.363922352997,0.292902231594,0.343175415409
id05238,0.336449335546,0.423304595646,0.240246068808
id00935,0.266734195107,0.335761902034,0.397503902859
id00110,0.403240569257,0.250598657645,0.346160773098
id17476,0.358653219675,0.329708147741,0.311638632583
id15170,0.380012697986,0.343615149402,0.276372152612
id13397,0.341670459899,0.332685396885,0.325644143216
id24283,0.463574840056,0.29933409378,0.237091066164
id15234,0.522760570733,0.234451003204,0.242788426062
id16884,0.382405906022,0.346113488855,0.271480605124
id07831,0.44303817539,0.269898017343,0.287063807267
id16038,0.4770939057,0.245669502185,0.277236592115
id03629,0.470066758741,0.253976931209,0.27595631005
id21019,0.498881475215,0.222959086243,0.278159438542
id21835,0.343128593536,0.218487739433,0.438383667032
id04480,0.40956117339,0.315446939029,0.274991887581
id20838,0.483991396473,0.242483443009,0.273525160518
id24195,0.464895951079,0.233072879211,0.30203116971
id05448,0.392006531399,0.335711511117,0.272281957484
id15957,0.433462655378,0.282078646024,0.284458698598
id19956,0.352179083155,0.197189389256,0.450631527589
id15104,0.366559826035,0.333751361996,0.299688811969
id17559,0.46250874839,0.233020489885,0.304470761725
id16839,0.371553810855,0.25684662617,0.371599562975
id14493,0.384506643761,0.296164838352,0.319328517888
id08833,0.361270378123,0.331514759662,0.307214862214
id15723,0.4161664817,0.184565500815,0.399268017485
id02716,0.421885287568,0.266497092896,0.311617619536
id06689,0.396615921077,0.323145191203,0.28023888772
id18837,0.413562828445,0.275398509617,0.311038661938
id04466,0.447780867092,0.27044841357,0.281770719338
id00686,0.41571694344,0.301812178685,0.282470877876
id09010,0.356068903641,0.372400498575,0.271530597784
id23353,0.461524945941,0.260211713431,0.278263340629
id00066,0.472080488605,0.232240216172,0.295679295223
id15724,0.399682017002,0.303825794904,0.296492188094
id23486,0.357100635974,0.289827848843,0.353071515183
id22258,0.328783845673,0.27478047679,0.396435677537
id02292,0.493833458583,0.216860649953,0.289305891464
id16356,0.487274361375,0.238565833749,0.274159804876
id00235,0.483121248637,0.264862465188,0.252016286174
id25522,0.315759187123,0.292121341721,0.392119471156
id04204,0.449312740568,0.285405343268,0.265281916164
id22016,0.485117822605,0.209616849877,0.305265327518
id06480,0.405633157074,0.415783174989,0.178583667937
id08718,0.438622309944,0.194041987485,0.367335702571
id05251,0.335644516787,0.427003378728,0.237352104486
id03359,0.435734817216,0.273348352445,0.290916830339
id16117,0.263862370033,0.252331602827,0.483806027141
id17000,0.326617924852,0.416928583488,0.256453491659
id01730,0.362739728479,0.356201285753,0.281058985767
id00630,0.506490341789,0.278244741172,0.215264917039
id18175,0.453444792997,0.232211405889,0.314343801114
id00907,0.42160250721,0.280745615291,0.297651877499
id18251,0.351345817923,0.391280700792,0.257373481285
id25861,0.445071385209,0.247659072281,0.30726954251
id00398,0.424993911571,0.313614098436,0.261391989993
id27573,0.421674946025,0.27818800537,0.300137048605
id10022,0.333533200187,0.337564100025,0.328902699788
id15901,0.406421069712,0.256905459522,0.336673470766
id00451,0.370315892087,0.331916399415,0.297767708498
id23129,0.381969303773,0.317208628059,0.300822068168
id26498,0.405802505907,0.296777411288,0.297420082805
id14741,0.365824567165,0.237212715309,0.396962717525
id18453,0.395945432037,0.303729017661,0.300325550302
id08309,0.40096685066,0.316588793506,0.282444355834
id00320,0.407995696648,0.325730700004,0.266273603349
id07688,0.303038323739,0.243898647845,0.453063028416
id01556,0.307731960902,0.277415175407,0.414852863691
id00178,0.380197033908,0.384586205109,0.235216760983
id18902,0.278631175462,0.248012190674,0.473356633864
id27002,0.491807479994,0.233178193298,0.275014326708
id21418,0.406520907587,0.306705421493,0.28677367092
id23018,0.459652045212,0.250420662487,0.289927292301
id07032,0.351981436828,0.319578288581,0.328440274591
id16195,0.379906898727,0.324307133708,0.295785967566
id11202,0.418740284665,0.300546028596,0.28071368674
id09578,0.484425107521,0.215801725495,0.299773166984
id26984,0.47751788713,0.222166125817,0.300315987053
id19856,0.394248413996,0.315942591029,0.289808994975
id12086,0.455353632649,0.24440442985,0.300241937501
id12052,0.450136828994,0.236233667513,0.313629503493
id17728,0.268866858893,0.208782092447,0.52235104866
id24608,0.414631195351,0.288237342105,0.297131462544
id21097,0.315851277139,0.255210693162,0.4289380297
id20179,0.265477295182,0.350559325745,0.383963379073
id15144,0.445470167403,0.26638345535,0.288146377247
id00206,0.447831570172,0.26444943065,0.287718999178
id22285,0.445559110171,0.244823211474,0.309617678354
id06417,0.433597935236,0.272569834284,0.29383223048
id00215,0.373091374084,0.386531215784,0.240377410132
id04201,0.34677101934,0.271990104354,0.381238876306
id21771,0.498334916578,0.219428706372,0.28223637705
id12451,0.382893960306,0.341920626781,0.275185412914
id14250,0.357797913127,0.346840908168,0.295361178705
id03433,0.369076009624,0.345074604914,0.285849385462
id03303,0.400425642245,0.2791728875,0.320401470255
id25901,0.41160133967,0.277745980869,0.310652679461
id06945,0.387657283095,0.319896759024,0.292445957882
id05664,0.438759638333,0.263130698213,0.298109663454
id05741,0.440438483786,0.24831675745,0.311244758764
id10652,0.482797102154,0.234926835526,0.28227606232
id16300,0.428569852313,0.258734712286,0.312695435401
id12319,0.419551213451,0.289828964323,0.290619822226
id07500,0.350972742516,0.375426137757,0.273601119727
id12478,0.496259237861,0.220725433847,0.283015328292
id03076,0.392471361513,0.275383648513,0.332144989974
id00969,0.369969250332,0.358861189129,0.271169560539
id23636,0.428109607994,0.203723383908,0.368167008098
id09791,0.40727049828,0.303038903944,0.289690597776
id05680,0.336635292175,0.34259245986,0.320772247965
id03672,0.352002344808,0.367092894545,0.280904760647
id04286,0.31494433673,0.390734821573,0.294320841697
id23883,0.327345246922,0.424414643317,0.248240109761
id11914,0.466038152847,0.224028627354,0.3099332198
id20974,0.380852810825,0.375270515453,0.243876673722
id26125,0.403250573472,0.309972441254,0.286776985274
id15543,0.368881820001,0.30032278127,0.330795398729
id19471,0.426971128463,0.300607356002,0.272421515535
id11503,0.391091509397,0.322429887278,0.286478603325
id09321,0.34818745884,0.376744791641,0.275067749518
id25560,0.227425559348,0.159506433245,0.613068007408
id06726,0.451207942022,0.25299132451,0.295800733469
id05709,0.423954202947,0.284484174142,0.291561622911
id09788,0.387112134996,0.317332767924,0.29555509708
id05289,0.429552208001,0.293722552281,0.276725239718
id11815,0.37398760228,0.397548154667,0.228464243053
id22422,0.419749532592,0.251737106967,0.328513360441
id25954,0.343315443986,0.240729384819,0.415955171195
id13601,0.49727289499,0.22348721225,0.27923989276
id05677,0.354974019513,0.303966587615,0.341059392872
id10498,0.369213946178,0.375727517834,0.255058535988
id02665,0.427725229201,0.322072798222,0.250201972577
id10114,0.340910522094,0.375043365563,0.284046112344
id26314,0.397389135035,0.325002647909,0.277608217056
id21240,0.478831011206,0.218226932815,0.302942055979
id15569,0.406404068239,0.362119993557,0.231475938205
id25928,0.409427424165,0.296077731819,0.294494844016
id22706,0.368582685845,0.356714678329,0.274702635826
id20877,0.312154146942,0.398263525614,0.289582327444
id04318,0.496024114141,0.218104524534,0.285871361326
id18299,0.381252282575,0.337089477073,0.281658240352
id08126,0.275857214993,0.192621520552,0.531521264454
id14293,0.357833958563,0.307746481423,0.334419560014
id12759,0.446208561473,0.280012994752,0.273778443775
id11983,0.351856844304,0.344170432468,0.303972723228
id05580,0.358408059598,0.30411513056,0.337476809842
id25846,0.376290491622,0.324173578754,0.299535929624
id01939,0.44124575188,0.248973770614,0.309780477506
id26327,0.496240936628,0.224766071492,0.27899299188
id11068,0.348969127836,0.300544636797,0.350486235366
id08404,0.502362524654,0.252754637151,0.244882838195
id27189,0.41486140684,0.287372604609,0.297765988551
id15119,0.349304784221,0.353309169655,0.297386046124
id26525,0.428710390878,0.269514763929,0.301774845193
id03618,0.44082147199,0.284388168575,0.274790359435
id27220,0.39746694849,0.308888042403,0.293645009107
id18777,0.398044105277,0.169725220408,0.432230674315
id20213,0.523617469814,0.209174123666,0.267208406519
id20403,0.403991966576,0.305289232964,0.290718800461
id03777,0.363502782257,0.265272838542,0.3712243792
id10595,0.357821051624,0.355397499286,0.28678144909
id13816,0.40429848471,0.285730817581,0.309970697709
id05667,0.357505218258,0.305236703879,0.337258077863
id24629,0.50520255989,0.235562128393,0.259235311717
id20398,0.349564270399,0.298610294239,0.351825435363
id14108,0.299016023839,0.197231361333,0.503752614828
id06196,0.317579235165,0.383978714619,0.298442050216
id02800,0.330096558521,0.406937327533,0.262966113945
id18732,0.359633174763,0.370657826268,0.269708998969
id11915,0.336843923193,0.402251708002,0.260904368805
id09739,0.433467571055,0.282002374082,0.284530054864
id24672,0.40925047779,0.300797712352,0.289951809858
id00414,0.332694170111,0.227373370922,0.439932458967
id16307,0.351645221819,0.333346130137,0.315008648044
id14043,0.423505898019,0.202968362169,0.373525739812
id00517,0.374868877067,0.215069521808,0.410061601125
id09744,0.398380373996,0.291759296576,0.309860329428
id19257,0.460842492396,0.264300314295,0.274857193309
id15437,0.431547807633,0.295521725427,0.27293046694
id16352,0.368236997328,0.320069833733,0.31169316894
id18849,0.440144384896,0.273947370796,0.285908244308
id19434,0.42116968245,0.326043981499,0.252786336051
id17928,0.346157886929,0.321333180178,0.332508932893
id16896,0.419954745274,0.274249910004,0.305795344722
id02135,0.432249257717,0.273212127197,0.294538615087
id15075,0.52598283134,0.242081356591,0.23193581207
id27486,0.370361398547,0.336747986577,0.292890614876
id19422,0.372664344727,0.303868861667,0.323466793606
id09603,0.389211545973,0.303534982831,0.307253471195
id02133,0.400778846715,0.34164528025,0.257575873035
id03441,0.490277326664,0.221745517095,0.287977156241
id02398,0.375907142761,0.346720637687,0.277372219552
id05152,0.367457549792,0.307997328407,0.324545121802
id17838,0.423339899029,0.268030176438,0.308629924533
id25060,0.395878198214,0.297694057468,0.306427744318
id09998,0.377386186763,0.331927666689,0.290686146548
id01828,0.332227811958,0.392133478181,0.275638709861
id25377,0.388532054852,0.312430547682,0.299037397467
id22175,0.318360950615,0.434088831492,0.247550217893
id02974,0.410737696819,0.297104043221,0.29215825996
id26955,0.425785921245,0.275605198755,0.29860888
id21091,0.345872569495,0.302583560794,0.351543869711
id12802,0.428120407289,0.302372498393,0.269507094318
id07432,0.377923182497,0.360384999534,0.261691817968
id18749,0.37737680785,0.342453087779,0.280170104372
id15030,0.317344846472,0.31509394994,0.367561203588
id17155,0.342732457794,0.388825109209,0.268442432997
id08128,0.381096993165,0.297745924815,0.321157082021
id25706,0.403463246426,0.328223560421,0.268313193153
id15645,0.551376203158,0.220928069621,0.227695727221
id04943,0.366406503988,0.330849579954,0.302743916058
id27566,0.413579580665,0.270852267878,0.315568151458
id11765,0.357723795946,0.334158372071,0.308117831983
id13783,0.437980456617,0.268500572626,0.293518970757
id00492,0.371027304476,0.252716608867,0.376256086657
id27636,0.400824725298,0.270187397661,0.328987877041
id04273,0.384539535096,0.319747302056,0.295713162848
id02537,0.489362199884,0.224987667259,0.285650132857
id24349,0.438850960009,0.316630996125,0.244518043866
id00023,0.297881717004,0.460864388739,0.241253894258
id23025,0.415139039744,0.281979852768,0.302881107489
id08722,0.457097088013,0.261588056873,0.281314855114
id02420,0.487976011626,0.254975156749,0.257048831624
id10811,0.403378249003,0.294270695566,0.302351055431
id04019,0.362187931192,0.310903168481,0.326908900327
id18334,0.555672571205,0.209573798543,0.234753630252
id16781,0.502226192845,0.218692975955,0.2790808312
id08773,0.382336684588,0.330783546217,0.286879769195
id19214,0.416140214405,0.290721506453,0.293138279142
id09589,0.394274702462,0.27996708076,0.325758216778
id24246,0.36692794868,0.388274012571,0.24479803875
id23577,0.476986680803,0.254317654177,0.268695665019
id09305,0.496955055166,0.22660665048,0.276438294354
id16460,0.474468545534,0.247503214437,0.278028240029
id21115,0.433976690279,0.281721150984,0.284302158738
id25996,0.441816466653,0.187116139337,0.371067394009
id02551,0.389099452616,0.270445659283,0.340454888101
id19352,0.357737885002,0.229868253272,0.412393861726
id03806,0.259643920108,0.238936659066,0.501419420826
id26544,0.442392292319,0.264952975294,0.292654732387
id18761,0.376769844832,0.299623761186,0.323606393983
id24148,0.35455996081,0.327989782359,0.317450256831
id16095,0.385856350271,0.339113409574,0.275030240155
id18442,0.332009312321,0.280035154943,0.387955532736
id22596,0.15426086358,0.125628332512,0.720110803908
id23002,0.431875501967,0.218797914269,0.349326583764
id04797,0.414026042968,0.313284611924,0.272689345108
id06610,0.382339448511,0.290565911897,0.327094639592
id16173,0.501150756541,0.215929055971,0.282920187488
id18292,0.363777660578,0.329045524444,0.307176814978
id27328,0.430260953399,0.292842457635,0.276896588966
id01695,0.417204021245,0.309104653013,0.273691325742
id05761,0.382201595881,0.302647753423,0.315150650696
id16354,0.370368111039,0.312433591128,0.317198297833
id12207,0.352885830427,0.334880904244,0.312233265329
id05665,0.397189380069,0.310976800996,0.291833818935
id01911,0.473339255932,0.223874542195,0.302786201872
id19153,0.347126447456,0.241173474871,0.411700077673
id10295,0.418149728091,0.300751349108,0.281098922801
id23038,0.474272202848,0.225399618816,0.300328178336
id23783,0.373289942332,0.31027407445,0.316435983218
id27879,0.413469508285,0.327519042414,0.259011449301
id19190,0.497228646459,0.241899674978,0.260871678563
id05065,0.384555118395,0.307651980986,0.307792900619
id21296,0.384738726924,0.324856431392,0.290404841684
id13262,0.380068355089,0.256627227119,0.363304417792
id10333,0.357909423493,0.315583612043,0.326506964464
id16677,0.529771201072,0.209654740255,0.260574058673
id01392,0.360959589808,0.244268507423,0.394771902769
id27874,0.487263550197,0.225120393742,0.287616056061
id02294,0.496332540498,0.219413968628,0.284253490874
id18298,0.366651506637,0.305132524587,0.328215968775
id06997,0.496971359871,0.232230447195,0.270798192934
id05243,0.456368817566,0.250265165022,0.293366017413
id00860,0.308300799333,0.387690978541,0.304008222126
id26681,0.47374165438,0.255622572262,0.270635773358
id06020,0.282241287064,0.207631419273,0.510127293663
id27683,0.400352196676,0.310762373171,0.288885430153
id17655,0.503094191102,0.247655392603,0.249250416294
id08817,0.377267468505,0.25852404313,0.364208488365
id11512,0.282812021802,0.258101924692,0.459086053506
id00478,0.418349256495,0.298376863557,0.283273879948
id02116,0.489128224665,0.246498117593,0.264373657741
id06746,0.411880159438,0.25685697331,0.331262867252
id03863,0.501781442188,0.215294545229,0.282924012582
id01802,0.349243651102,0.315579547971,0.335176800928
id11682,0.392483473228,0.272055103423,0.33546142335
id04033,0.470257168402,0.268052776428,0.26169005517
id09286,0.353809721117,0.335972237361,0.310218041522
id12904,0.429802426368,0.249402578875,0.320794994757
id07420,0.35670798792,0.274000604592,0.369291407488
id22398,0.327930421965,0.409671148834,0.262398429201
id00424,0.28634174542,0.245155807767,0.468502446813
id20960,0.37996814353,0.340821692697,0.279210163772
id10267,0.495562747134,0.225986241874,0.278451010992
id19330,0.362754794855,0.28035107684,0.356894128305
id00994,0.429678792875,0.276710141806,0.293611065319
id10785,0.457850712075,0.23181629449,0.310332993436
id00955,0.47073077799,0.254248199421,0.275021022589
id09757,0.324959257146,0.397581313406,0.277459429449
id10030,0.464394638773,0.22115821489,0.314447146337
id22952,0.409602934361,0.277733207278,0.312663858361
id21955,0.292399930167,0.266873983992,0.44072608584
id07674,0.407559000811,0.295222601982,0.297218397207
id13760,0.344103356221,0.343501279496,0.312395364284
id18166,0.362126741012,0.254626363864,0.383246895124
id23498,0.434939035793,0.300093037583,0.264967926624
id05296,0.479262814229,0.25905149281,0.261685692962
id26709,0.384619757984,0.309125002608,0.306255239408
id02853,0.407220993628,0.316756230143,0.276022776229
id06800,0.494807976283,0.225374770264,0.279817253453
id14758,0.396626322892,0.341770871427,0.261602805681
id12356,0.461362572001,0.278470076207,0.260167351792
id21492,0.41123748143,0.330656267703,0.258106250866
id27540,0.417737288882,0.301739361373,0.280523349745
id07376,0.392334098624,0.287299069579,0.320366831797
id15201,0.360004196026,0.311834824032,0.328160979943
id23388,0.344608546221,0.440669525806,0.214721927973
id13923,0.403631518907,0.270445429047,0.325923052045
id00794,0.293813410219,0.45029980772,0.255886782061
id23910,0.372163405345,0.285696290117,0.342140304537
id02556,0.43179536575,0.256205126323,0.311999507927
id22151,0.321799053402,0.469757456729,0.20844348987
id11698,0.456589767726,0.314665477505,0.228744754769
id11627,0.44203696496,0.280381891733,0.277581143308
id06340,0.449194712355,0.283703913793,0.267101373853
id05123,0.567199075624,0.186436384589,0.246364539787
id26620,0.253723399625,0.194459082806,0.551817517569
id04002,0.337979322578,0.29517853008,0.366842147342
id26554,0.32539384004,0.34872587062,0.32588028934
id18012,0.350158232188,0.313229604827,0.336612162986
id12964,0.475029691811,0.218115658069,0.30685465012
id18965,0.323644162318,0.359398359298,0.316957478384
id19082,0.455395797855,0.25391366605,0.290690536094
id26742,0.339052885175,0.200863328671,0.460083786155
id15442,0.447316815674,0.256785483523,0.295897700802
id16647,0.496941870444,0.215196989631,0.287861139925
id11544,0.374492533487,0.318821794933,0.306685671581
id20581,0.466370240577,0.223403775714,0.310225983708
id13192,0.416389918306,0.300801327754,0.28280875394
id15814,0.300841927307,0.405943241486,0.293214831207
id26279,0.408868666414,0.294122705006,0.297008628581
id00240,0.449345970929,0.268178126938,0.282475902133
id22836,0.443636566678,0.273007605654,0.283355827668
id15085,0.341597580127,0.413446061837,0.244956358036
id17495,0.484991660811,0.229401727431,0.285606611758
id26762,0.490338115575,0.232841555475,0.27682032895
id13685,0.464167305985,0.242390193954,0.293442500062
id16560,0.378993489893,0.335749007071,0.285257503036
id17184,0.303972236501,0.433107350547,0.262920412952
id21635,0.519805518151,0.212285304987,0.267909176862
id26751,0.391005725221,0.338706532644,0.270287742135
id12351,0.41884256848,0.291746712454,0.289410719066
id14872,0.458249607044,0.244326613675,0.297423779281
id18372,0.428653265011,0.280825831861,0.290520903128
id26851,0.429607728654,0.257501778161,0.312890493185
id22659,0.371749251998,0.33209548661,0.296155261392
id04102,0.352166124461,0.243596757141,0.404237118398
id02353,0.318993465466,0.441983376635,0.239023157899
id26721,0.424586129102,0.303973893537,0.27143997736
id11171,0.430730311345,0.256906701513,0.312362987142
id13562,0.496277412906,0.22382433758,0.279898249514
id26425,0.492367180066,0.226128279085,0.281504540849
id26394,0.427594296126,0.259219103234,0.31318660064
id22187,0.486445168135,0.209602039048,0.303952792817
id00422,0.427639675022,0.291661781077,0.280698543901
id22667,0.335026207259,0.420295042682,0.244678750059
id00911,0.483719988945,0.224514232196,0.291765778859
id17291,0.432562480864,0.277413648436,0.2900238707
id01915,0.319111853719,0.416690052698,0.264198093583
id01434,0.476159501771,0.206080731798,0.317759766431
id01584,0.490510146561,0.220018179148,0.289471674291
id09266,0.412948556576,0.311929781886,0.275121661537
id17494,0.309868340412,0.455580597316,0.234551062273
id24919,0.481977808559,0.211525543701,0.30649664774
id21043,0.416471935372,0.206709382301,0.376818682326
id17796,0.323345216099,0.438122309815,0.238532474086
id02166,0.380675123353,0.259554654715,0.359770221932
id17503,0.489861408703,0.242596704237,0.26754188706
id21203,0.496945462873,0.221463389771,0.281591147356
id25626,0.544411174084,0.231593948246,0.22399487767
id09836,0.398593455946,0.347954860078,0.253451683976
id24202,0.369751006395,0.310217372359,0.320031621245
id27260,0.457137577354,0.239345896263,0.303516526383
id23167,0.374130788639,0.259328844484,0.366540366877
id10393,0.397391935325,0.362868730603,0.239739334072
id01171,0.501381127019,0.247599023594,0.251019849387
id06380,0.394934927255,0.280780262448,0.324284810298
id22686,0.406266759759,0.245260380293,0.348472859948
id26250,0.491343014686,0.226735935292,0.281921050022
id09315,0.381612588269,0.332308315547,0.286079096184
id00886,0.446100674535,0.261334007551,0.292565317914
id03101,0.398846914642,0.338414246861,0.262738838497
id12367,0.492739480823,0.231228522495,0.276031996682
id10770,0.495173827771,0.223049341756,0.281776830473
id14949,0.350038107005,0.38620577439,0.263756118604
id14141,0.356407784553,0.367899673878,0.275692541569
id25417,0.34961028492,0.319758886524,0.330630828556
id26873,0.355811046781,0.353135153971,0.291053799247
id10818,0.352353971502,0.212673370831,0.434972657667
id15146,0.50301083077,0.218606587498,0.278382581732
id23328,0.438515524198,0.272789745747,0.288694730054
id16765,0.384126547508,0.3321946182,0.283678834292
id24383,0.38841417573,0.288399564093,0.323186260177
id21304,0.368474494943,0.342699033037,0.28882647202
id12551,0.366907458838,0.319205796292,0.31388674487
id23274,0.37237869067,0.314815370569,0.312805938761
id08117,0.447737513354,0.270169102758,0.282093383888
id23961,0.404720455076,0.291424840565,0.303854704359
id13865,0.400219606749,0.314196199452,0.285584193799
id22807,0.392748272674,0.308599615977,0.298652111349
id08951,0.454256600487,0.24913015504,0.296613244472
id18684,0.459019623756,0.267660263368,0.273320112875
id25179,0.408379339588,0.304734970108,0.286885690303
id27033,0.387513284899,0.231362873031,0.38112384207
id13977,0.461697735931,0.242039983756,0.296262280313
id19337,0.364662493667,0.33158002629,0.303757480043
id25764,0.296756861803,0.444314277285,0.258928860911
id16106,0.377243382272,0.303281927707,0.319474690022
id05468,0.366592092302,0.23922582181,0.394182085887
id05241,0.403237048835,0.272839618393,0.323923332771
id10215,0.404874905709,0.310386580557,0.284738513735
id23457,0.352655282139,0.313862290882,0.333482426978
id02200,0.525310212965,0.188985540197,0.285704246837
id13714,0.374133764068,0.325672203101,0.30019403283
id20332,0.336999973911,0.256593241017,0.406406785072
id18573,0.372276152918,0.311566094387,0.316157752695
id08569,0.446869712122,0.288298461422,0.264831826456
id22767,0.385504270715,0.299937017027,0.314558712258
id25390,0.363713245412,0.382024117132,0.254262637456
id09288,0.396055217795,0.262168411004,0.341776371201
id12381,0.439688073775,0.275911535645,0.284400390581
id02895,0.392513362401,0.27212159073,0.33536504687
id25270,0.333460362128,0.213225966455,0.453313671417
id14248,0.477987595656,0.205665175709,0.316347228634
id12831,0.419658405096,0.281216039012,0.299125555891
id18305,0.434453346876,0.252511767544,0.31303488558
id07805,0.406584964549,0.323411473996,0.270003561454
id14027,0.39263719057,0.311051457963,0.296311351467
id02760,0.469335409508,0.273464050341,0.257200540151
id24362,0.51724643279,0.237955332632,0.244798234578
id17065,0.403442292685,0.382215861698,0.214341845617
id26583,0.316291774588,0.359236295317,0.324471930095
id19664,0.404375159242,0.309038075758,0.286586765
id25145,0.480365975356,0.230001364661,0.289632659983
id17858,0.365574460613,0.328479346669,0.305946192718
id05148,0.421429595675,0.286334422571,0.292235981754
id22928,0.487788641705,0.233584843878,0.278626514416
id21549,0.473451520727,0.165840184932,0.36070829434
id12649,0.364926056518,0.344964384353,0.290109559128
id21597,0.489178617006,0.231500797288,0.279320585706
id27945,0.410175809693,0.293289319681,0.296534870626
id00243,0.453659289396,0.269422490941,0.276918219663
id02745,0.401495775454,0.299936336062,0.298567888484
id23550,0.32784840038,0.188217239633,0.483934359987
id13023,0.367024528215,0.246906571849,0.386068899936
id24796,0.361393614633,0.309393307414,0.329213077953
id12284,0.381328982283,0.325361497275,0.293309520442
id02664,0.353889056538,0.338924230509,0.307186712953
id23767,0.322572162789,0.304010033773,0.373417803439
id05859,0.382484387414,0.36414594135,0.253369671236
id14350,0.38363264265,0.335184337151,0.2811830202
id01191,0.367353333218,0.305911448342,0.32673521844
id17034,0.461582127172,0.266798324336,0.271619548492
id25292,0.424224682619,0.297553973306,0.278221344074
id22121,0.445370437318,0.289792551299,0.264837011383
id20872,0.525902382352,0.207098198155,0.266999419492
id17720,0.431531978814,0.269264854397,0.29920316679
id22658,0.394058540777,0.348541469763,0.25739998946
id09567,0.364990266477,0.378447601793,0.25656213173
id16445,0.496125699541,0.223102304759,0.2807719957
id08349,0.409399567813,0.283935012475,0.306665419712
id27437,0.363199712243,0.345440364565,0.291359923193
id03812,0.401714212755,0.27177169898,0.326514088265
id22304,0.463996504448,0.250775610597,0.285227884955
id04449,0.454327754192,0.261983336865,0.283688908943
id15605,0.408900530555,0.296337739293,0.294761730152
id01768,0.442296274426,0.291030226182,0.266673499392
id20019,0.38272611914,0.326358259914,0.290915620945
id09593,0.356346605686,0.382822233849,0.260831160464
id23179,0.355190458528,0.320021314953,0.324788226519
id21279,0.421573539811,0.297263230224,0.281163229965
id06711,0.217891348798,0.18098248914,0.601126162062
id14243,0.367887735482,0.313639168641,0.318473095877
id04839,0.177246876378,0.291046803541,0.531706320081
id17220,0.372561424916,0.34736120584,0.280077369244
id24177,0.444771073661,0.277611614041,0.277617312298
id20512,0.357100342612,0.235652963276,0.407246694113
id14036,0.335216904398,0.394484485198,0.270298610404
id25001,0.259787833114,0.205870284783,0.534341882103
id06175,0.309266676369,0.440353588565,0.250379735066
id24720,0.387956568189,0.328721674867,0.283321756944
id08070,0.434922073749,0.311087781735,0.253990144516
id18934,0.372672009494,0.338334600075,0.288993390431
id01338,0.40833257699,0.35894264798,0.232724775031
id19008,0.287373101743,0.441267795107,0.27135910315
id19632,0.491860961611,0.254771715998,0.253367322391
id26224,0.371293694934,0.268684654174,0.360021650892
id08219,0.475789299705,0.245887383385,0.27832331691
id24008,0.272571601611,0.192269649193,0.535158749195
id12475,0.371329322474,0.315387591155,0.313283086371
id05766,0.480510650122,0.212002348112,0.307487001766
id27386,0.433891840706,0.290235910712,0.275872248582
id12476,0.361249463843,0.390849163746,0.247901372411
id08311,0.435316050408,0.290257383426,0.274426566166
id04996,0.493521771724,0.232427599567,0.274050628709
id17350,0.381686579955,0.331334447604,0.286978972441
id05546,0.387766401745,0.344144111793,0.268089486462
id16504,0.405463836509,0.289646368226,0.304889795266
id05782,0.363101882534,0.219219692685,0.417678424781
id20560,0.437349699458,0.265637458477,0.297012842065
id14171,0.453901398731,0.231009755868,0.315088845402
id27461,0.479220581588,0.225120319413,0.295659098999
id03581,0.462277666176,0.198085552268,0.339636781557
id21847,0.309171662561,0.249360776501,0.441467560938
id11712,0.419452114795,0.27171837831,0.308829506895
id26738,0.364550720256,0.314098367031,0.321350912714
id13668,0.418114405645,0.297717780897,0.284167813457
id15114,0.428462245942,0.286985716893,0.284552037165
id20130,0.482847418183,0.22979500251,0.287357579307
id18331,0.382957902579,0.246095511653,0.370946585769
id24465,0.456722808607,0.282687068629,0.260590122764
id13539,0.48257561199,0.251347229631,0.26607715838
id27564,0.374462734084,0.316456133013,0.309081132903
id26043,0.317156162468,0.188792414116,0.494051423416
id04965,0.26903749485,0.117853092094,0.613109413056
id08645,0.296469176345,0.423932044681,0.279598778974
id26610,0.482655338157,0.208474018565,0.308870643278
id21737,0.474008881408,0.247731285141,0.278259833451
id25784,0.279010048266,0.264529682479,0.456460269254
id23030,0.437511405077,0.263362695979,0.299125898944
id16450,0.34027762967,0.43807087854,0.22165149179
id02161,0.40966858977,0.290171778754,0.300159631476
id25535,0.403522362963,0.286334389017,0.31014324802
id16566,0.485464475847,0.227311390745,0.287224133408
id05714,0.453023585907,0.261050394942,0.28592601915
id16524,0.375236052603,0.31765797706,0.307105970338
id23941,0.421210084559,0.273370825544,0.305419089896
id00831,0.3652213027,0.344364974767,0.290413722533
id18145,0.362577378354,0.286687530116,0.350735091529
id17227,0.418506239731,0.268687883933,0.312805876337
id09417,0.454012017691,0.243932582967,0.302055399341
id21307,0.463037129496,0.262671819191,0.274291051313
id05650,0.363032390897,0.391447865035,0.245519744069
id23901,0.49850342517,0.217655475246,0.283841099584
id05831,0.414713145164,0.235299333689,0.349987521147
id16708,0.421280761448,0.318611847896,0.260107390656
id02281,0.451512725725,0.229769360699,0.318717913576
id11599,0.514213257198,0.207931637591,0.277855105211
id18353,0.444485486712,0.253657065131,0.301857448157
id07413,0.382992842995,0.299839364839,0.317167792166
id15653,0.358466555666,0.398930111215,0.242603333119
id09715,0.244923362013,0.189517964319,0.565558673668
id05108,0.384886119076,0.336334380365,0.278779500559
id09537,0.477123567383,0.241187738307,0.28168869431
id27596,0.446504813711,0.278487894625,0.275007291664
id24255,0.331815748017,0.26434731985,0.403836932133
id05080,0.336583693323,0.240189324813,0.423226981865
id09484,0.410113714191,0.274513711485,0.315372574325
id14864,0.468435368233,0.204258608434,0.327306023333
id26836,0.49555274483,0.223553644641,0.28089361053
id07003,0.482623569574,0.282605387441,0.234771042986
id13750,0.388731567448,0.387245462154,0.224022970397
id21799,0.384255697394,0.318848012708,0.296896289898
id11285,0.486572238072,0.262393385882,0.251034376046
id04735,0.378273627204,0.322373044069,0.299353328727
id23049,0.328212007813,0.336396489581,0.335391502606
id05826,0.365101722344,0.408957783803,0.225940493854
id17916,0.310021987666,0.327419321355,0.362558690979
id14081,0.423923198771,0.235016899815,0.341059901414
id10527,0.420362236688,0.245178327993,0.334459435319
id16059,0.367985491322,0.352622649698,0.279391858981
id25542,0.538114341955,0.229678158648,0.232207499397
id05402,0.336346090023,0.154358581467,0.50929532851
id01927,0.354839362838,0.250528049316,0.394632587846
id27656,0.39191198835,0.285532516971,0.322555494679
id06708,0.336628974199,0.373703626723,0.289667399078
id03524,0.463504693789,0.265190105009,0.271305201202
id12297,0.418043552021,0.302425921567,0.279530526412
id03439,0.390631211461,0.32328191852,0.286086870019
id04587,0.39044041051,0.321676914146,0.287882675344
id25470,0.469956158193,0.305119184009,0.224924657798
id01212,0.381166123961,0.32754695325,0.291286922789
id13932,0.488642788905,0.256761732501,0.254595478594
id00124,0.350331121843,0.219818905994,0.429849972162
id01592,0.378855403497,0.300953171617,0.320191424886
id13461,0.434986526141,0.28126889561,0.283744578249
id24681,0.417272127185,0.291855224855,0.29087264796
id23245,0.345526775955,0.239768769077,0.414704454968
id14073,0.436175773597,0.270863822513,0.29296040389
